11011100

11001110

11010100

11011101

11100011

11100101

11100001

11011100

11001110

11010100

11011101

11100011

11100101

11100001
11011100

11001110

11010100

11011101

11100011

11100101

11100001

11011100

11001110

11010100

11011101

11100011

11100101
11011100

11001110

11010100

11011101

11100011

11100101

11100001

11011100

11001110

11010100

11011101

11100011

11100101

11100001
11011100

11001110

11010100

11011101

11100011

11100101

11100001

11011100

11001110

11010100

11011101

11100011

11100101

11100001

11100001